100
484 484
326 657
1 101
21 584
1 9
328 704
634 772
196 670
9 302
7 109
1 104
65 742
3 484
1 1
83 981
435 557
208 229
21 121
36 540
1 2
384 484
8 122
1 221
121 584
261 914
483 485
499 509
4 5
570 910
3 104
296 684
177 631
4 396
9 65
169 865
25 639
328 648
455 848
65 121
120 122
121 122
126 587
145 952
294 568
8 302
372 741
526 768
508 555
257 416
512 988
3 6
121 302
353 574
10 120
3 4
121 742
8 65
113 309
121 484
256 865
9 10
120 584
3 5
1 742
483 742
3 10
484 485
100 1000
21 485
38 89
1 4
3 742
4 10
651 738
122 483
858 963
4 6
317 633
65 584
1 485
1 1000
481 968
570 811
4 584
1 121
1 5
120 121
304 774
65 122
9 221
7 9
9 109
1 10
1 6
1 122
261 950
303 584
122 1000
1 65
149 727
